id	B cells naive	B cells memory	Plasma cells	T cells CD8	T cells CD4 naive	T cells CD4 memory resting	T cells CD4 memory activated	T cells follicular helper	T cells regulatory (Tregs)	T cells gamma delta	NK cells resting	NK cells activated	Monocytes	Macrophages M0	Macrophages M1	Macrophages M2	Dendritic cells resting	Dendritic cells activated	Mast cells resting	Mast cells activated	Eosinophils	Neutrophils
GSM2328918	0.367919452949247	0	0.000741110290695244	0	0	0.0248106877525945	0.019557523717952	0.126757559020534	0	0.155164843647449	0	0.0148164473051977	0	0.18223954604257	0.0269961938880122	0.061003230442787	0	0	0.0162263771546434	0	0	0.00376702778831781
GSM2328919	0.0236573789651466	0	0.0166677241897798	0.182656878803356	0.00825122700361261	0	0.175773274070163	0.050739493439164	0	0.160426156761942	0	0.0454616800355417	0	0.0423978189363137	0.0520437272806108	0.0954815052072314	0.00347589329181135	0.0867217202248128	0.0132350702874331	0	0.0270365569671389	0.0159738945359427
GSM2328920	0.0812586240754171	0.0118419238291869	0	0	0.0570950739367577	0	0.0397168829872718	0.113246533105095	0	0.330324602053331	0	0.0174636858143211	0	0.146487566002413	0.0835754027686818	0.0913375658336253	0	0	0	0.0194035462232366	0	0.00824859337066357
GSM2328921	0.205621017890486	0	0	0	0	0.195854232264583	0.0784482443277721	0.116113364612327	0	0.228367578615879	0	0	0	0.124630571669522	0.0180034400541919	0.0270655458703324	0	0	0.0031692962843758	0	0	0.0027267084105324
GSM2328922	0.10426519674485	0	0	0.0419685697990908	0	0.0615900696018723	0.0500366493074752	0.057356986597767	0	0.223201100542621	0	0	0	0.281937681576133	0.0592620622117749	0.0295306696986736	0	0	0	0.0864121667542844	0	0.00443884716545749
GSM2328923	0.173089488089483	0	0	0	0	0.0651123239561814	0.0454085917985298	0.100199934648567	0.0179257954418714	0.143011765412733	0	0	0	0.310461300961911	0.0679966860045853	0.0563701112049825	0	0	0.0145501841051456	0	0	0.00587381837600881
GSM2328924	0.0759864307618166	0	0.0421582455138667	0.0220865384693544	0	0	0	0.0998690675260528	0	0.328593432216585	0	0.0473890383839076	0	0.261721808634821	0.0787642718925953	0.0279831821366008	0	0	0	0.0124478618248553	0	0.00300012263954393
GSM2328925	0	0	0.037345550038903	0.189567393755881	0	0	0.138236961885778	0.0722311967758874	0	0.25357304243799	0	0.0907568143808378	0	0.0607221810415544	0.0751163241075861	0.0463359152497311	0.0131260673553582	0	0	0.00539498126979633	0	0.0175935717006966
GSM2328926	0.0985538404892495	0	0	0	0	0.0209441825867279	0.0266373767349509	0.102030482995888	0	0.397231702291558	0	0	0	0.17507525834427	0.0786425480438857	0.0751557628486228	0	0	0	0.0172381210248804	0.00153641973297287	0.00695430490699399
GSM2328927	0.0146319238623387	0	0.00352288209845084	0	0.156609846429366	0	0.268681153204955	0.0855765410535043	0	0.144980652320479	0.0617346259008534	0	0	0.129341940698628	0.112358743848203	0.0183182630400286	0.001106687747649	0	0.00313673979554526	0	0	0
GSM2328928	0.152745034729554	0	0.0571292679484652	0	0.0921122325139539	0.0293318925112361	0.0588590025578268	0.101376016981796	0	0.232673309697324	0	0	0	0.129461593051862	0.0584171864284743	0.0613680103882457	0	0	0	0.0197502649201782	0.000276368244099371	0.00649982002698606
GSM2328929	0.128367942458401	0.152906514607323	0	0.0156348091292527	0	0.0369673978296692	0	0.17634407267594	0	0.154674699112913	0	0.0897588110038222	0	0.0120102303078168	0.0894462738726803	0.101691099716698	0.0150584942781484	0	0	0.000240126213009432	0.0268995287943252	0
GSM2328930	0.331141235470146	0	0.0226483678945572	0.00903629373273965	0.0458009123886108	0	0.193638825503512	0.0238511201652251	0	0.185672656529484	0	0	0	0.0837027326167644	0.0133436808258233	0.0411679140788023	0	0.0224327289076939	0.0185302949467973	0	0.00371531685845821	0.0053179200813862
GSM2328931	0.0974760271502482	0.00353373040218725	0	0	0.0355208469098529	0.105904924986247	0.0610139029406359	0.18868320965298	0	0.232468876458205	0	0	0	0.144212427850756	0.0893924928485556	0.0217201278326782	0	0	0.0150649343735893	0	0	0.00500849859406509
GSM2328932	0.0556954804125314	0	0	0.0101526084010521	0	0	0.052819125290901	0.128856288414305	0	0.238858022995334	0	0.0382577195100282	0	0.329972167045584	0.0993155559988471	0.0322474861897445	0	0	0.00988212177562276	0	0.00394342396605014	0
GSM2328933	0.0069413602269262	0.0305973364825481	0.0131872375458986	0.101060771859593	0	0	0.155426475047986	0.0565599979418449	0	0.354168016816877	0	0.00575572971544817	0	0.0713723001818464	0.0673121069949191	0.102933595468125	0	0.0274092123896392	0	0.00727585932834804	0	0
GSM2328934	0.0759551297809488	0	0	0.0701212118837904	0	0	0.0364108655988561	0.0806417432671798	0	0.278456758541915	0	0.00402519588040171	0	0.298883330430046	0.137945298031033	0.00190215680805251	0	0	0.0149020980650581	0	0.000756211712718999	0
GSM2328935	0.053759345625129	0	0	0.00345478101429968	0	0.0398132601237106	0.0831921045081014	0.125327139301438	0	0.254627195530037	0	0	0	0.247590222704662	0.123581255487047	0.0585896935757579	0	0	0	0.00731484680828434	0	0.00275015532153293
GSM2328936	0.025590327860702	0.0417760618039901	0	0.0681322856395933	0	0	0.082472327156784	0.0936790455447727	0	0.0908191601807906	0	0.022846212313499	0	0.512845214353586	0.048227270219546	0.010492954413746	0	0	0	0.0031191405129899	0	0
GSM2328937	0.0690320419599156	0	0.0570550441956948	0	0.0765655212577371	0.0299128933179112	0.129730315652677	0.0923251317002489	0	0.365284463451077	0	0	0	0.103547975567583	0.0347784304347634	0.0281624598165514	0	0	0	0	0	0.0136057226458402
GSM2328938	0.211355785430943	0	0	0	0	0.0738177656534539	0.0614378644325275	0.0608942165780198	0	0.15750769574862	0	0.00789730605843859	0	0.22496621449826	0.137946215634763	0.0408429390116496	0.00645356051118277	0	0	0	0	0.0168804364421414
GSM2328939	0.222944969160272	0	0	0	0	0	0.057990958971302	0.0987515360804319	0.029433337250317	0.124139278636498	0	0	0	0.190931640288088	0.125729336388105	0.108976576225945	0.0126948190790035	0	0	0.010835621421359	0.00637827784871797	0.0111936486499606
GSM2328940	0.152632425910598	0	0	0	0.0353178198041662	0	0.0433540117857148	0.245221028148049	0.00427776954345998	0.222761418337758	0	0	0	0.196937555709296	0.0529323909640882	0.0433443554070893	0	0	0	0.00157624711077408	0	0.00164497727900589
GSM2328941	0.295150895385738	0	0	0	0.0349772516960953	0	0.0488281445233736	0.27670478580339	0	0.161141935293508	0	0	0	0.125099023626772	0.00500674616197708	0.0431655134311277	0	0	0.00922485833099102	0	0	0.000700845747026494
GSM2328942	0.107134550964279	0	0.0040846957962979	0	0.0639373870463952	0.0466955906288431	0.0534169263238609	0.113555369936122	0	0.222858973727066	0	0	0	0.274333796063059	0.0599101612278537	0.0368849860051519	0	0	0.0171875622810706	0	0	0
GSM2328943	0.127449872400146	0	0	0	0.0469927727775327	0.105872177824128	0.0722490535425079	0.157542905283835	0	0.286490237913352	0	0	0	0.115912372017215	0.0351515685013504	0.0440127324970425	0	0	0.00684261054574271	0	0	0.0014836966971486
GSM2328944	0.203631550632693	0	0	0.0750687376198594	0	0	0.0667726580209272	0.100989044430952	0	0.103085955252939	0	0.0400316835255533	0	0.308300139650726	0.0169104800880431	0.0546567639673206	0	0.0135910995019061	0	0.000902436934123247	0.0160594503749584	0
GSM2328945	0.0025726322123662	0	0	0.0167324965874383	0	0	0.135517610038373	0.164819606190639	0.00329113310621677	0.193898130456262	0	0	0	0.362941267759362	0.100020739424245	0	0.00326152725000813	0	0.0169448569750894	0	0	0
GSM2328946	0.220279320938084	0	0	0	0	0.0271294882075164	0.00646138745381428	0.16073054429309	0	0.31822898887211	0	0.0252961954164696	0	0.0674169637114326	0.09913179769459	0.0539145406459998	0.00438525155067919	0	0	0.0170255212162144	0	0
GSM2328947	0.0306742196482196	0	0	0.0350191355242972	0	0	0.0750947262802987	0.0914002051089677	0	0.303175079090136	0	0.0276636709676995	0	0.319896299412656	0.0572865887826691	0.0133439950879504	0	0.0321318750838926	0	0.0104378003392215	0	0.00387640467399135
GSM2328948	0.0232276768994444	0	0	0.152689806404146	0	0	0.0387013367652107	0.0820336468874989	0.00294885350784988	0.184775345962692	0	0.0198787132624994	0	0.234864902663369	0.115819051307185	0.00344500964222869	0	0.109851623633896	0.0252308998376869	0	0	0.00653313322629298
GSM2328949	0	0	0.0508084858666993	0	0	0	0.0711193055106081	0.110485825875266	0	0.292632356285824	0	0.107226380422749	0	0.0468783405213392	0.056530314092403	0.108437940120207	0.00959001846634653	0.0841714942035364	0	0.00993251511059353	0.0293781702691141	0.0228088532553142
GSM2328950	0.346318403301837	0	0.0401488056059839	0	0	0	0.0159612155033207	0.109970542253603	0	0.165443504309012	0	0	0	0.170455849489791	0.0455845436002601	0.0987250957097651	0	0	0.00739204022642727	0	0	0
GSM2328951	0.240943947210072	0	0	0	0	0.0438460555677237	0.0324480460749928	0.0818707761187721	0	0.237553020107331	0	0.064209404426529	0	0.102342287322522	0.100774858872547	0.0876807329021945	0	0	0	0.00299570370449892	0	0.00533516769281726
GSM2328952	0.128353324996865	0.138656257020932	0	0	0.0138215106986514	0.0432456909292646	0.00423215218352024	0.14116459513386	0	0.227643031951075	0	0.00597826388208248	0	0.16662351218628	0.0715628920981625	0.0318087614240085	0	0	0	0.0218382179096174	0	0.00507178958568084
GSM2328953	0.0657962602048433	0	0.0170527737148404	0.158889021020894	0	0	0.176445627191211	0.073261269993097	0	0.313184572671638	0	0.0550467208625089	0	0	0.0509475572722323	0.0390046408503282	0.0156590683702426	0	0	0.021508522682596	0.0023821389434054	0.0108218262221624
GSM2328954	0.00884264864256783	0.0358520385754378	0.0547062882404561	0	0	0.0408083070687668	0.0856332403528136	0.108936232940898	0	0.217340486893659	0	0	0	0.3100500186621	0.0923330145695653	0.0312388239558493	0	0	0.0109929116186634	0	0	0.00326598847922293
GSM2328955	0.137616728643169	0	0	0.00921522043202009	0	0	0.132864156241883	0.122530622541017	0	0.133205720665676	0	0.0724112963220853	0	0.139856936152294	0.143126674191117	0.064981488738406	0.0102341223889516	0	0	0.0218730801101173	0	0.0120839535732639
GSM2328956	0.0242150799602626	0	0	0.333557260908983	0	0	0.0393357734215606	0.109433731480223	0	0.315291487224056	0	0	0	0	0.0712274433238241	0.0599668967709375	0.0172924091428342	0	0	0.0202177781826915	0.00516193865248411	0.00430020093214315
GSM2328957	0.0876364848614301	0	0.0265587810234396	0	0.0828281581507618	0.161459643894033	0.0947040974683934	0.0411148676966661	0	0.264013800424941	0	0	0	0.00112761933324673	0.138533792980401	0.0725653874952722	0	0	0	0.00661019801861795	0.021216152444563	0.00163101620823494
GSM2328958	0.0411406738802522	0	0.0883284586224003	0.0592476288562047	0.00220635633219326	0	0.0945393622824777	0.0940514486300262	0	0.339255925633941	0	0	0	0.0922567804649309	0.131250570948159	0.0343481553852826	0	0	0	0.0191351530852098	0	0.00423948587892239
GSM2328959	0	0.0341421580081126	0.0657290057629352	0.0719472688255533	0	0	0.127189660394678	0.0332402749614619	0	0.216228921732544	0	0	0	0.266167718090396	0.0923718784603721	0.0887880320691186	0	0	0	0.00103594288379936	0	0.00315913881102891
GSM2328960	0.0779862553188914	0	0	0	0.0332143927096755	0.00984250400812156	0.16279996230979	0.103697113143855	0	0.269797352521383	0	0	0	0.202710642059086	0.109047106478226	0.0278309857625684	0	0	0.00307368568840221	0	0	0
GSM2328961	0.0606584243795029	0.00352220729113419	0	0.0663089175300038	0	0	0.0312289358876143	0.116354754645578	0	0.18713148211041	0	0	0	0.324989011718888	0.186487621576517	0.00618598373686077	0	0	0.0171326611234899	0	0	0
GSM2328962	0.242208995700546	0	0	0.0254404091634008	0	0	0.0521319466118163	0.0340830997819254	0	0.113930899383039	0	0	0	0.411001091539062	0.096236394436525	0	0	0	0.0212277296133247	0	0	0.00373943377036058
GSM2328963	0.0736034234642537	0	0	0	0	0	0.0213656380786624	0.0737320225044114	0.000816018477889776	0.101740736560258	0	0	0	0.44126291523468	0.252420039225255	0	0	0	0.0350592064545891	0	0	0
GSM2328964	0	0	0.045076749719941	0.149368898232799	0	0	0.231298027711932	0.0411067410104918	0	0.225619841421908	0	0.11671853358362	0	0.0131709389061259	0.107360310294601	0.041478738460971	0.00782821890310864	0	0	0	0.00632744348650392	0.0146455582679976
GSM2328965	0.159289252193018	0	0	0.0219737173921595	0	0.0921857927903418	0.0885054250176468	0.12436827371651	0	0.303932788438243	0	0	0	0.133287897197842	0.0517927015819487	0.016811248693853	0	0	0.00639458698689606	0	0	0.00145831599154156
GSM2328966	0.275252717595602	0	0.00178534124431601	0.00917715650084497	0	0	0.122621022402008	0.0460441842834369	0.0110689948408339	0	0	0.0263447327586871	0	0.385844497579731	0.0749134130525727	0.0362183232815257	0.0044623542269777	0	0.00315812299556077	0	0.00310913923790308	0
GSM2328967	0.085245477444931	0	0.0440109580494281	0	0	0	0.138542536946774	0.0789144926917629	0	0.136268760760033	0	0	0	0.403658041169957	0.0952794122202639	0.004118141171079	0	0	0.0114584327121999	0	0	0.00250374683357168
GSM2328969	0.249991243080743	0	0	0	0	0.0617870541080164	0.132137700389422	0.0711436650004874	0	0.152209029532015	0	0.00774568394830556	0	0.186846716533258	0.0486724538859762	0.0860207155944032	0	0	0.00344573792737269	0	0	0
GSM2328970	0.0230250132285836	0	0	0.0374097740188148	0	0	0.0722539172388257	0.0601163040214119	0.00290209768323077	0.189518552257248	0	0.00774337898355526	0	0.518496643573278	0.0748208440706847	0	0	0	0.0137134749243675	0	0	0
GSM2328971	0.134662932864117	0.271124314365242	0	0	0.0254231320211992	0	0.0790629529381233	0.0196464893345444	0.00428335467452235	0.0315352966600838	0.0299389978103249	0	0	0.321155634413137	0.0764206289359397	0	0	0	0.0067462659827666	0	0	0
GSM2328972	0.0767546758953377	0	0.00328029168940804	0.183087001737907	0	0	0.0253282705714378	0.0797283623242682	0	0.153230841493662	0	0.0293265943613121	0	0.35562511647969	0.0603497716346523	0.0280667607453818	0	0	0	0.00510931061185994	0.000113002455082514	0
GSM2328973	0.0225113207034732	0	0	0	0.152166211853174	0.000575120994030911	0.0372176754322061	0.227899540395581	0	0.357404344123337	0	0	0	0.137906250818239	0.00670398271963703	0.0153646890865645	0	0.0295831781101184	0.00973707999510348	0	0.000192888947803409	0.0027377168207317
GSM2328974	0.205471994632292	0	0	0	0	0	0.0421926735543429	0.130796270749641	0	0.241916261675752	0	0	0	0.317478497508031	0.0565931973206839	0.001719329350104	0	0	0	0.00383177520915301	0	0
GSM2328975	0.245117963143808	0	0	0	0.0212463628971738	0.0312504777180376	0.119359553160201	0.0587324179018638	0	0.232976628978233	0	0.00516888936022346	0	0.189810514548706	0.0512207966088198	0.0345657865450278	0	0	0	0.00776614857973203	0	0.00278446055817309
GSM2328976	0.0212782148656992	0.00297363663228562	0	0.0767326701733699	0	0	0.145255567082193	0.0692343682578417	0	0.248079124029581	0	0	0	0.259516319614063	0.123255500158838	0.0452168877270897	0.00453281788018886	0	0	0	0.000232866548086859	0.00369202703076229
GSM2328977	0.513591972926275	0	0	0	0.00261227716868062	0.0145845659929233	0.0285882950204363	0.0857470273990704	0	0.097184801143964	0.0644601742109699	0	0	0.104017166121639	0.0346963522602058	0.044941407670308	0	0	0	0.00793238791351946	0	0.00164357217200802
GSM2328978	0.183656468812172	0	0	0.0262893654799518	0	0	0	0.233816983091809	0	0.172956809267262	0	0.0603026838310619	0	0.256090860417158	0.04586699347006	0	0.00331797439693643	0	0	0.0177018612335892	0	0
GSM2328979	0.554779878240927	0	0	0	0	0.115641237241206	0.00505208092124428	0.0298402598707458	0	0.112971323541673	0	0.0210232468295424	0	0.0199166143323273	0.046265726514729	0.0528994846079699	0	0	0.0337371178089163	0	0	0.00787303009071903
GSM2328980	0.3593987576052	0.158509066220508	0	0.0263305030815327	0	0.0364311151525796	0.0754449646600266	0.0916647226362373	0	0	0.0367123211216453	0	0	0.0921795684703769	0.0518899556493022	0.0559801889550006	0	0	0	0.0120550307777679	0	0.00340380566982267
GSM2328981	0.156560957869749	0	0	0.0548838774446151	0	0	0.192628266567379	0.0680670190405133	0	0.310477343852852	0	0.0731523757603984	0	0	0.0669573586161545	0.0598092942512222	0.00762860987580352	0	0	0	0.00983489672131247	0
GSM2328982	0.0697273376156873	0.0368544969142738	0	0	0	0.0651372316287658	0.113170280035856	0.0578694448961406	0	0.265213528649105	0	0	0	0.203897167905508	0.075260786882829	0.0424052330776885	0	0.000657121004093998	0	0.0555792346501136	0	0.0142281367399382
GSM2328983	0.215382059201011	0	0	0.0358141795770091	0	0	0.0562633702433626	0.10121234392297	0	0.216986899722104	0	0.00539075008407983	0	0.24942126865312	0.088791574100695	0.0134834049718231	0	0	0.0123756510155007	0	0	0.00487849850832497
GSM2328984	0.190932184610798	0	0	0	0	0	0.0146954909332486	0.146396677975972	0	0.267581607568576	0	0.0463405375020629	0	0.259853869721146	0.052298741588629	0	0	0	0	0.018236581070939	0	0.00366430902862888
GSM2328985	0.0599084181056388	0	0	0.0121955127947278	0.024982984865049	0	0.179911548587867	0.0408874690779183	0	0.145825221022385	0	0	0	0.348391362456417	0.114734938994859	0	0	0.0236253914965127	0.0264303639057551	0	0.0231067886928709	0
GSM2328986	0.0104905616321336	0.00905028099114646	0.0206608519491499	0.00620598691450153	0	0	0.257099787661097	0.0382326340628174	0	0.322980420812519	0	0	0	0.0804447272253674	0.212753551077486	0.0299376573474509	0.000270711230573765	0	0.0084120967912933	0	0	0.00346073230446456
GSM2328987	0.0803650400655613	0	0	0.0438926787694258	0	0	0.123145098405678	0.0514689979267712	0	0.268506100651443	0	0.00235442845022185	0	0.243361180590588	0.124752492220116	0.0592588011320767	0.000926216574526757	0	0.00196896521359189	0	0	0
GSM2328988	0.206689463974719	0	0	0	0	0.070849224260254	0.0250316506725062	0.0758776993273341	0	0.18872791118181	0	4.76001149935918e-05	0	0.232318642332751	0.0660261234841298	0.104757747595331	0	0	0	0.0296739370561716	0	0
GSM2328989	0.132922792093357	0	0.0345923757923023	0.000821527307509213	0	0	0.113379369933403	0.0707857570080774	0	0.181479826175375	0	0.00564980556008783	0	0.357660836895284	0.0656042671244575	0.0293759787880775	0	0	0.00498441478224155	0	0	0.00274304853982701
GSM2328990	0.00837904832570463	0.0173323887530816	0	0.0201744142998545	0	0	0.0270660559447775	0.0562815276737304	0.00577776624829076	0.0923824625309731	0	0.00438732147339276	0	0.562488347546191	0.0513980270286809	0.0075279939195679	0	0.140882507328667	0.00530425520371771	0	0.000617883723370403	0
GSM2328991	0.361497053663135	0	0.0443134177660714	0	0.00951630259501996	0.0111918461617215	0.0370365320313427	0.111354549430205	0	0.198280444716541	0	0.0127472896183032	0	0.0504278287173954	0.0349614559838292	0.118846225517136	0	0	0.00982705379929995	0	0	0
GSM2328992	0.334321020982821	0	0	0	0.00449915988997966	0	0.0016337231610777	0.12924729362211	0	0.256089151598125	0	0	0	0.106144228632099	0.0542170296179635	0.0946462635334381	0	0	0	0.0132963880250337	0.00241579593908122	0.00348994499827101
GSM2328993	0.367211647855888	0	0.0121762286497421	0.031029786377896	0	0	0.0643775561923686	0.0444218172151456	0	0.0571579946936158	0	0	0	0.332713723953653	0.0309231646281438	0.0599880804335471	0	0	0	0	0	0
GSM2328994	0.0161507203512301	0.000987914735448653	0	0.0245174542866411	0	0	0.258266524148695	0.0960057108415214	0	0.257254920962901	0	0	0	0.213522582107286	0.11259494049382	0.0150538467815236	0	0	0	0	0	0.00564538529093294
GSM2328995	0.0672635418601357	0	0.0824615595965209	0	0	0	0.178987534991745	0.0862093587345729	0	0.308717639879505	0	0.0348515520318063	0	0.0609050509136623	0.0781253647786537	0.0578918745285303	0.0195392590286851	0	0	0.0154733978036948	0	0.00957386585248775
GSM2328996	0.139710158232557	0	0.0308846610474397	0	0	0.00941827572419334	0.0701378995614913	0.0990533519434783	0	0.351368699682468	0	0	0	0.15991773338109	0.0887600746363417	0.042028702133674	0	0	0	0.00440069130054445	0	0.00431975235672271
GSM2328997	0.033556007126177	0	0	0.166592506866531	0	0	0.111663756207397	0.0794761517838713	0	0.221135517054288	0	0.0330046832248126	0	0.0789639906275784	0.106973815972558	0.0507266205027794	0	0.089524189058166	0.0121021320190591	0	0.0049338173370178	0.0113468122197637
GSM2328998	0.015619483688248	0.0213607332975625	0.0528228345414931	0	0	0.0144958368964669	0.0701091518376914	0.0727436322767892	0	0.233446397290432	0	0.0396941542558728	0	0.352322927500126	0.0402081140502398	0.0616156379071675	0	0	0	0.00963761320005668	0.00562823945404562	0.0102952438038084
GSM2328999	0.0615819826109228	0	0	0.0557374052472512	0	0	0.231749477327475	0.0452210642494116	0	0.22790149909828	0	0.0123885279646393	0	0.0589608667830962	0.105528077146609	0.0880222463919923	0	0	0.0506805610266194	0	0.0481499939692736	0.0140782981844298
GSM2329000	0.0142198305529155	0.0920795036378151	0	0	0	0.0288785956541732	0	0.164722231237095	0	0.277805998560527	0	0.0229467930575827	0	0.251982440990675	0.110737657384141	0	0.0202572565081405	0	0	0.016369692416935	0	0
GSM2329001	0.15608913618794	0	0	0	0.0237895004708051	0	0.0850270871777878	0.152751575158983	0	0.307160370366921	0	0	0	0.181579159878798	0.0572904995877418	0.025154311855811	0	0.0049844619182586	0.00250180956847112	0	0	0.00367208782848261
GSM2329002	0.118646505390119	0	0	0	0	0.0520306354060812	0.121004372839497	0.0876014342567381	0	0.246747797220344	0	0	0	0.252221196915927	0.109441683381247	0.00929800337217126	0	0	0	0	0	0.00300837121787492
GSM2329003	0.12776661172771	0	0	0	0	0	0.0818070933315409	0.0719992620914558	0	0.270689889079997	0	0	0	0.188219807022211	0.18647963584528	0.0350240222164247	0	0	0.0284210770581747	0	0	0.00959260162720631
GSM2329004	0.0270969656394555	0	0	0.0390570138585185	0	0	0.0627876698110446	0.0905400936932113	0	0.221874985972101	0	0.0218074821121814	0	0.391919738163494	0.129190298339324	0	0	0	0	0.0157257524106693	0	0
GSM2329005	0.0208856299229277	0.0105472395573613	0.0127308839457367	0	0.0161357410122349	0	0.192381098242971	0.0850310036571515	0	0.244293435568406	0	0.00699236982055177	0	0.24492304658964	0.114751853965091	0.0345693826152512	0.0049391526214836	0	0	0.00578706766965439	0	0.0060320948115389
GSM2329006	0.0847780663775617	0.0467286518709866	0	0	0	0	0.130751690536055	0.159599204133493	0	0.160697773919053	0	0	0	0.190634571323659	0.13262340068031	0.0783959239367766	0	0	0	0.0069375324715162	0	0.00885318475058796
GSM2329007	0.227087929283446	0	0	0	0	0	0.0649809519528923	0.103764057562234	0	0.25344062802073	0	0.0268296219995599	0	0.200506924306259	0.0781515574022716	0.0407446451596127	0	0	0	0	0	0.00449368431299336
GSM2329008	0.311436100983696	0	0.0622065993323274	0	0.102613473509363	0.0354654553373417	0.0867489506078606	0.0875508591417686	0	0.129847358068094	0	0	0	0.0781426456799781	0.0354694864904641	0.0651278210743108	0	0	0	0	0.000744405678399803	0.00464684409639653
GSM2329009	0.00380338128323975	0.0666088485936721	0	0.1301252478996	0	0	0.116163703628786	0.0481455045116532	0	0.222548260660689	0	0	0	0.0427883831902484	0.186699903425883	0.0661403181398578	0.00684369894958103	0.0443464184886876	0.0263050476598567	0	0.0365147698693086	0.00296651369893587
GSM2329010	0.179994508987148	0	0	0	0.0584222317198476	0	0.0363950277493573	0.0595494572845205	0	0.112148528934235	0	0	0	0.372304575162027	0.0776965119874099	0.0916233859876253	0	0	0	0.00610924260824031	0	0.00575652957958832
GSM2329011	0.00498137554682778	0.250935539884996	0.0508187309572445	0.00221347837564547	0	0	0.0424027190569271	0.0615126499659146	0.00335486037766162	0.0752413367262637	0.0223113614765452	0	0	0.412752613367251	0.00442461708036555	0.0301840105167176	0	0.0135439126912896	0	0.0200475683085844	0	0.00527522566776527
GSM2329012	0.00956025251195067	0	0	0.150598959762379	0	0	0.0450834415868721	0.0789557755500359	0	0.185742271318583	0	0.041086982359148	0	0.31596093339122	0.141109797185243	0.00910460049227191	0.00403387109266809	0	0	0.0156432971837763	0.00311981756585276	0
GSM2329013	0.0256259680719901	0	0	0.175491316194573	0	0	0.119461345308195	0.0164561033985962	0	0.225367651799005	0	0	0	0.225318852573327	0.141503754844803	0.03961866430809	0	0	0.0145687391718562	0	0.0120009567014788	0.00458664762808522
GSM2329014	0.0682903672810141	0	0	0.0320211306628892	0	0	0.195060053581043	0.0886350859173768	0	0.242062743882339	0	0.0222758025029794	0	0.056276058499498	0.222848432543451	0.0415036347072332	0.00844437212451362	0	0.0122005514311051	0	0	0.0103817668665563
GSM2329015	0.263896856688182	0	0	0	0	0	0.0285882942765827	0.104648788951074	0.00698092733074273	0.0756934764467561	0	0.0406016874905322	0	0.247614712262668	0.0756835410337179	0.0871372317962865	0.00378873973830662	0	0.00971173087745269	0	0.0507913554321314	0.00486265767556727
GSM2329016	0.397546971878756	0	0.115279188879625	0	0.00459466324658634	0.0379966345531985	0	0.0394482273302936	0	0.092366447672216	0	0.00427272520945676	0	0.164773711889756	0.0287673912841204	0.0587565033978299	0	0	0	0.021130353199437	0.0287977229428325	0.00626945851589199
GSM2329017	0.322577959537613	0	0.0197825848351359	0	0.0122137252326236	0	0.0300060111691187	0.117938545101419	0.036015351998571	0.219795896284743	0	0.0258792192941959	0	0.0863027966316011	0.0278891423823147	0.067989638041896	0	0	0	0.0189798352202035	0.00949527896765744	0.00513401530290734
GSM2329019	0.385902625380908	0	0	0	0	0.0577427972201647	0.0732703725635163	0.0879246286871584	0	0.149633291673643	0	0.00338340915497177	0	0.160428569436334	0.0588710633555738	0	0	0	0.0146339000782245	0	0.00300119121942123	0.0052081512300849
GSM2329020	0.0209213498189182	0.025940734501522	0	0.0109381149704564	0	0.0223687471960356	0.099418584772466	0.0637599170148912	0	0.312567940551992	0	0	0	0.232403563611603	0.144142036403346	0.0358850586987347	0	0	0.0204823262162458	0	0	0.0111716262437897
GSM2329021	0.0422940559827515	0.0800225892323086	0	0.0400855312532698	0	0	0.0676153876087009	0.0674261436644418	0	0.211988459271856	0	0	0	0.282886647629695	0.193308529324157	0	0	0	0.0138913965773474	0	0.000481259455471719	0
GSM2329022	0.293547038345887	0	0.114145705834536	0.0525377083371271	0.0225427870779643	0.0361837080063182	0.0884612775364322	0.0643617046463661	0	0.137469167238637	0	0.0770084669456168	0	0	0.0679128341627117	0.0345993153405278	0	0	0.00897195306309734	0	0	0.00225833346477847
GSM2329023	0.251817068837748	0	0	0.098658808124629	0	0	0.0943625927567227	0.0524272658844027	0	0.140602556323983	0	0.0842394059184754	0	0.0647080578102257	0.146988502772187	0.0385821896531255	0	0	0	0.0256063731115726	0	0.0020071788069293
GSM2329024	0.0198768460535943	0	0	0.182163327383406	0	0	0.0992187472193228	0.0904419672553227	0	0.237054762675617	0	0.0687155813016568	0	0.021677215697529	0.214147519222218	0.0237333976708954	0.0159306774541697	0	0	0.0127720979688874	0.00656871913694084	0.0076991409604402
GSM2329026	0.0596727064417784	0.2184763733387	0	0	0	0.0682543706278754	0.0352161672965768	0.0890575849717492	0	0.169532424841053	0.0333971114575985	0	0	0.178297532182813	0.0514085482163134	0.0754976865486345	0	0	0	0.0160125891515566	0	0.00517690492535166
GSM2329027	0.0356519306035069	0.000275379566378094	0	0.117623426461485	0	0	0.152580816717092	0.0774136795759471	0	0.261730046114929	0	0.0161621758360374	0	0.141950012995858	0.122625671015267	0.0660501392736325	0	0	0	0.00793672183986681	0	0
GSM2329029	0.0123731848854979	0.0494724441531616	0	0.0210074834536037	0	0	0.0379106158440525	0.078224662488043	0	0.201048293332193	0	0	0	0.476899875075275	0.0955673832157148	0.00746111815625602	0.000674568995193511	0	0.0173567104431695	0	0.00200365995784021	0
GSM2329030	0.32911668267122	0	0	0	0	0	0	0.0903551167096572	0	0.139746931791643	0	0.0283582454605516	0	0.138877395449659	0.0325787275947094	0.0703137202870505	0	0	0	0.16584997501856	0	0.00480320501694823
GSM2329031	0.240454775833842	0	0	0.117400014878158	0	0	0.0611345309289393	0.0842687536397782	0	0.131885086072263	0	0.0278804288001706	0	0.229887774631869	0.062612674690126	0.0322884806521869	0	0	0	0.0115498633408848	0	0.000637616531781888
GSM2329032	0.0752294138981369	0	0	0.1572400549796	0	0	0.23133955130975	0.0269390589956243	0	0.248221718640082	0	0.00652858606123323	0	0.0349649018657299	0.165199448658106	0.0439510972686968	0.00469857025369293	0	0.000576095659469152	0	0	0.00511150240987859
GSM2329033	0.113371679117328	0	0	0.0840081676819992	0	0	0.158446270061431	0.0529447615707814	0	0.242088546229416	0	0	0	0.255898820957405	0.0477265483751842	0.0364158122456596	0	0	0	0.00898826984609634	0	0.000111123914699773
GSM2329034	0.006042573325578	0.145259766403057	0	0.00168792688257121	0	0	0.256452708224838	0.032022364170676	0	0.229091161057617	0	0.00405615350745527	0	0.0495538301259468	0.193723651587225	0.0570539927315578	0.00960683228847508	0	0	0.00157431898127657	0.0130678260367696	0.000806894676956579
GSM2329035	0.225453989763194	0	0.0424186236655059	0	0	0.0370509472032325	0.0639065778888046	0.0988444516580989	0	0.208020575015833	0	0.0891470111230692	0	0.0526661687949449	0.0911109089906691	0.0587644406730675	0.00594596012032453	0	0	0.0193155540289462	0.00246536601784789	0.00488942505646143
GSM2329037	0.20793704771884	0	0	0.128799427390824	0	0	0.0315204551264525	0.0586994776381227	0	0.163275179111542	0	0.00329010052502554	0	0.199330141557155	0.134891318983264	0.0647734464710763	0	0	0.00748340547769647	0	0	0
GSM2329038	0.176962833798221	0	0.079432679978488	0.124998469569824	0	0	0.116604825754931	0.0674977149771039	0	0.163671502606072	0	0.0617338602491036	0	0	0.0709060473820515	0.0734167249651771	0.0087808398158403	0	0.0309758680652285	0	0.0091681085762148	0.015850524261744
GSM2329039	0.263287545513199	0	0	0	0	0.0853154398996454	0.0678104803605229	0.0364436635263306	0	0.142193965034889	0	0	0	0.265041326289191	0.0522902122713262	0.0639648918245388	0	0	0.0204285842014013	0	0.000573730395389526	0.00265016068356613
GSM2329040	0.0787327164741472	0	0	0	0.065581310826447	0	0.135282466259445	0.0972561822140349	0	0.25786015424771	0	0.0967838383767822	0	0.109247941401626	0.0543703770178309	0.0489900829322586	0.0164923816670236	0	0	0.017500357127457	0.0120892555000067	0.00981293595523146
GSM2329041	0.0530267559759877	0.0327180322344777	0	0	0	0	0.065744497088225	0.16669069936123	0.0214719902774391	0.221615152152865	0	0.0134525963165789	0	0.287275698324334	0.0202253596412532	0.0480271656343149	0.0144857781799516	0.0287420834283304	0	0	0.0155273130360537	0.0109968783489598
GSM2329042	0.0407939568259665	0	0	0.0477255423768449	0	0.0770626367354001	0.155877625985773	0.0458849967109836	0	0.210933223583824	0	0	0	0.118963629100497	0.212543560603981	0.0683796753842047	0	0	0.0142037072949795	0	0	0.00763144539754484
GSM2329043	0.025274668855765	0	0.00148468199676921	0.296826994733914	0	0	0.138013686277632	0.0337370617599559	0	0.341280022205118	0	0.0503261409960011	0	0.0196470448906094	0.0358944326354222	0.0409993943811444	0.0129137592430074	0	0	0	0	0.00360211202466024
GSM2329044	0.290941972745556	0	0	0.0469181370790888	0	0	0.102053500698138	0.037246683841302	0	0.204138881103919	0	0	0	0.184851066075073	0.076207816539519	0.0357865566924478	0	0	0.0218553852249556	0	0	0
GSM2329045	0.177009461096464	0	0.0121641226326985	0.101397262813678	0	0	0.0504667840857103	0.0977141948746044	0	0.151293459058246	0	0.0399339272718986	0	0.286871789612724	0.0534887273122254	0.00365108603298976	0	0	0	0.0260091852087615	0	0
GSM2329046	0.139395956845095	0	0.0293641637614653	0.288033408234864	0	0	0.148332189650953	0.0213575820640992	0	0.247915267323107	0	0.0128846513816035	0	0.0183539039665278	0.0694766279317961	0.020056074758206	0	0	0	2.8883201494473e-05	0	0.00480129088078839
GSM2329047	0.110395938396397	0	0.0246559628502656	0	0	0	0.110445290262912	0.0812132622515526	0	0.311396120417314	0	0.0282870735473344	0	0.188496556404725	0.102498007733933	0.0351332358918708	0.00148374201611709	0	0	0	0	0.00599481022757908
GSM2329048	0.357149782732011	0	0.0641912899871457	0	0	0.0506637530762241	0.0427979720380288	0.0730447330148639	0	0.125470486140577	0	0.016955629301232	0	0.147727405221854	0.0771310569735486	0.0395915351059604	0	0	0	0.00154151656607533	0	0.00373483984247987
GSM2329049	0.150478695149238	0	0	0	0.0352565196509478	0.0440420165957507	0.105006960464423	0.090630176891103	0	0.3956486690234	0	0	0	0.0618315431494537	0.0349309343266152	0.0474057367726054	0	0	0	0.0179598910886437	0.00802195835606751	0.00878689853175222
GSM2329050	0.112985611032852	0	0.0721495122319056	0.0132721083272155	0	0	0.133011476739111	0.0502695782768738	0	0.0962387178361192	0	0.0697018623813316	0	0.323591936435977	0.0600524475053058	0.0585320084922247	0	0	0	0.00901336931158194	0	0.00118137142950217
GSM2329051	0.0236931209457503	0	0.00831788988109592	0.165199034915615	0	0	0.0834299993010679	0.126732965454637	0	0.123208101363814	0	0.0622706914252221	0	0.188554957415275	0.0671743331465187	0.089041102284365	0	0	0	0.0362506151188177	0.00856432422854343	0.0175628645192775
GSM2329052	0.00298973445653921	0.0797857157447681	0	0.0905534620822668	0.0121760373310683	0	0	0.129784131536144	0.00896846618607485	0.212875951268501	0	0.151499626331602	0	0.0205660123639652	0.215229423003472	0.048960021958266	0.00160979559338766	0	0	0	0.0249532535079244	4.83686360207433e-05
GSM2329053	0.101408103016044	0.0174821622091686	0	0	0	0.00321211844245389	0.0102460347372789	0.0888811682568012	0	0.0788494947418513	0	0.0119445954441429	0	0.545027767658071	0.094960875154155	0.0479876803400328	0	0	0	0	0	0
GSM2329054	0.0590102330897231	0.0406239222860944	0	0	0	0	0.0509929138548286	0.177125198690119	0.0498126654557908	0.109632009363238	0.0344549392713368	0	0	0.341578483940587	0.0803624385188693	0	0.0285340533206368	0	0	0.0278731422087773	0	0
GSM2329055	0.30053244754289	0	0	0	0	0.105527820069607	0.154853640663868	0.0844385924995299	0	0.0500101789399585	0.0505617979786365	0	0	0.166162166190383	0.045257642611727	0.0091837779744688	0	0	0.0276910373334646	0	0.00235360230378892	0.0034272958916781
GSM2329056	0.0555310261605069	0	0.033689728520335	0.0128642724870332	0	0.000273044772853167	0.297363282795147	0.0678369534390279	0	0.244095970730113	0	0	0	0.183877430782873	0.0721625788977539	0.0287276606025904	0	0	0	0	0	0.00357805081176682
GSM2329057	0.187400178611445	0	0	0	0.080171278963793	0.0928572462833609	0.132435616643473	0.140275143107043	0	0.18706296852771	0	0	0	0.123976020906586	0.0224161665114343	0.0246676422813454	0	0	0.00318641391009573	0	0	0.00555132425371445
GSM2329058	0.294918497377036	0	0	0.0122676518825024	0	0	0.0782049882899514	0.0622877314513427	0	0.35829145814214	0	0.012999051660056	0	0.0852449085728577	0.0594188331556275	0.0277363110149687	0	0	0	0.00169221351824137	0	0.00693835493527597
GSM2329059	0.0241846991164971	0	0	0.0385608842081306	0	0	0	0.108809359164865	0	0.295447587853735	0	0.11613165391652	0	0.27771486746439	0.08563740213024	0.017208793549371	0	0	0	0.0317353976777246	0	0.00456935491852668
GSM2329060	0.0273770760902453	0	0	0.02337875196163	0	0.000368846373170236	0.0886472042030467	0.0471277629363512	0	0.296923275244957	0	0	0	0.269930612263414	0.113905739748542	0.0991058978004787	0	0	0.0242181694671236	0	0	0.00901666391104159
GSM2329061	0.0052746052156594	0.0716963638412268	0	0	0.00089300693852277	0.0446071381084765	0.129751469309115	0.0508999082199665	0	0.16421164248877	0	0	0	0.303815307893312	0.137247217733762	0.0521675441721964	0.00040322588104317	0	0.0322635429977319	0	0	0.00676902720021803
GSM2329062	0.35557498610646	0	0	0	0.00203512176548937	0	0.0229985749837322	0.185368552562553	0	0.161116130726969	0	0.0283990380200475	0	0.133844595745483	0.0720579175995037	0.0308047057248001	0	0	0	0	0	0.00780037676496258
GSM2329063	0.154139801660461	0	0	0	0.019649649800251	0.139882649519214	0.0654239717551933	0.014270105972294	0	0.104809824042691	0.0054339659414777	0	0	0.330992908948235	0.0678405489721716	0.0764830571061332	0.00795340467991049	0	0.0131201116019669	0	0	0
GSM2329064	0.0365302097823938	0	0	0.0613898469970158	0	0.016484642116321	0.00784598014871101	0.126894126895135	0	0.342778713038478	0	0.00284770792934129	0	0.211706889127971	0.111306805448805	0.061794078221185	0	0	0	0.0204210002946419	0	0
GSM2329065	0.0314939851484998	0.0188516631187903	0	0	0.0738512747452387	0.0809042717923642	0.182824311335329	0.0959708480747973	0	0.270160456722477	0	0	0	0.0279200231891906	0.114594659552201	0.0549057553531564	0	0.00164770846316867	0	0.0409195548001672	0	0.00595548770462073
GSM2329066	0.0786130823715018	0	0	0.107902389506718	0	0	0.0719787494848761	0.0311877474358528	0	0.302331925256293	0	0	0	0.242032408762593	0.102067195023907	0.0472684374242217	0	0	0	0.0133549129046116	0	0.00326315182942417
GSM2329067	0.158691923300616	0	0	0	0.00745096893996216	0	0.121113272256853	0.0847179220456557	0	0.176927535381896	0	0.0160764607640778	0	0.0671862842497066	0.172777314743571	0.0867948210291872	0.015681224975366	0	0	0.0193367107701032	0.0611964457225591	0.0120491158204468
GSM2329068	0.111764761333816	0	0.0538452568489024	0.0702291990714746	0	0	0.0496571000972184	0.123694820660725	0	0.0903353616032869	0	0.0097076042134312	0	0.23114048827988	0.177642678234672	0.0629983436772104	0	0	0.00803885078555421	0	0	0.0109455351938283
GSM2329069	0	0	0.0281452844973033	0.108532389082267	0	0	0.17517087616345	0.0541275001599159	0	0.322152958405929	0	0.0537618500575363	0	0.0970650189329229	0.0771646412266392	0.0583729353962577	0	0	0	0.00349971191497732	0.0050638869383508	0.0169429472244505
GSM2329070	0.355984182377982	0	0	0.026150154848655	0	0	0	0.103957014302078	0	0.0545356163532906	0	0.0252374996794418	0	0.336137056692138	0.0640494184241648	0.0278942041140359	0	0	0.00605485320821325	0	0	0
GSM2329071	0.120205727098994	0	0.00901780865859704	0.15799522017725	0	0	0.210482609122279	0.035262530112396	0	0.239994448573328	0	0.00870588783685835	0	0.0207671631818187	0.136070132028036	0.04570364741155	0.00140639084486738	0	0.00591504624112102	0	0.00847338871290358	0
GSM2329072	0.214508870943941	0	0	0.0518383718462846	0	0.00146251050383894	0.115142161377691	0.0942623469652823	0	0.309125554733452	0	0.015188394984529	0	0.0528945315564825	0.0702708350551103	0.0500998171964245	0.00615573741710812	0	0	0	0.0122459968335121	0.00680487058634445
GSM2329074	0.023399685577935	0.00758741647027848	0	0	0	0.0614269651820592	0.0158113570879543	0.114787397893603	0	0.336495516920246	0	0.0193320618823088	0	0.251001617899033	0.117200662316424	0.0386652802888585	0	0	0	0	0.00685255679572921	0.00743948168557055
GSM2329075	0.0706917871901198	0	0	0	0	0.0533304189963182	0.0788497557230325	0.289879441267338	0	0.141098387150239	0	0.000903124715314932	0	0.118153404538042	0.0425390231277232	0.183438732189836	0	0	0.0091049262562022	0	0.00845092908479084	0.00356006976104364
GSM2329076	0.356473375308446	0	0	0.00582553106302588	0	0	0.0494420595429249	0.225156503145788	0	0.129845672067976	0	0	0	0.150121314413197	0.0399502987437158	0.0340988687268822	0	0	0.00908637698804394	0	0	0
GSM2329077	0.202387052322543	0	0.0218692018637698	0	0	0.0960631073938252	0.0317855064877987	0.0409902187206258	0	0.164851420001811	0	0.00256530903707846	0	0.229021290676404	0.0810991430943457	0.106436982776043	0	0	0.000390703160517411	0.00239260723786131	0	0.0201474572273765
GSM2329078	0.14309240920334	0	0	0.1108134132465	0	0	0.117623886916689	0.0804567954793693	0	0.240246362310106	0	0.0310197659898144	0	0.0770735058270531	0.125785238652817	0.0358696015491172	0.0149410925442374	0	0	0.0147482511679255	0	0.00832967711303004
GSM2329079	0.30567152742293	0	0	0	0	0.0560970874371601	0.0223844460174112	0.0517399103236032	0	0.118799911758648	0.0225088936255119	0	0	0.274693631575486	0.0761286017646664	0.0635283068024207	0	0	0.00844768327216301	0	0	0
GSM2329080	0.120218609464688	0	0	0	0	0.181537294220034	0.14464050377711	0.0331297080928186	0	0.0935053377994404	0	0	0	0.305055423151308	0.02508927809908	0.0741269465583956	0.0032876446082567	0	0.00948537964284087	0	0.00356079423893597	0.006363080347092
GSM2329082	0.0703502691027629	0	0.0179871361765014	0.107849650782355	0	0	0.105889499008512	0.0555731139603291	0	0.311049290286907	0	0.00535158434896305	0	0.252544505935532	0.0439828036946176	0.0263060770565039	0	0	0.00109514893987209	0	0	0.00202092070714357
GSM2329083	0	0.013041041102222	0.00169120959495256	0.154772333003305	0	0	0.18125697051706	0.0397634534405501	0	0.222871430124936	0	0.0309138038038532	0	0.124583515270625	0.178857005685785	0.0456547714135757	0	0	0	0.00501503304468097	0	0.00157943299845399
GSM2329084	0.0352074818180288	0	0	0.10866047632423	0	0	0.1662494590382	0.049081553851099	0	0.21088957354013	0	0.00725756726089165	0	0.314224013243319	0.07984081474646	0.0233703481922786	0.00200450719375315	0	0.000858641098259706	0	0	0.00235556369334988
GSM2329086	0.165578608917469	0	0	0.0450547508700335	0	3.15556852640468e-05	0.0828544425680818	0.0761415838243108	0	0.271613614868311	0	0	0	0.26169694289364	0.0528428928239788	0.0138846512518788	0	0	0.030300956297032	0	0	0
GSM2329087	0.0453983020686002	0	0	0.077841618400289	0	0	0.087224853664682	0.0597502099990343	0	0.124591768119645	0	0.00210265354659926	0	0.427519040858976	0.119798366489376	0.0347883407036229	0	0	0.0209848461491754	0	0	0
GSM2329088	0.134189877439759	0	0	0.13391356072974	0	0	0.139960369630983	0.0278177605109881	0	0.336891547072102	0	0.00260987331336186	0	0.150091892813626	0.010764464653339	0.0570951105319319	0	0	0	0.00608579916876059	0	0.000579744135409583
GSM2329089	0	0.0702262650382989	0	0.0114056345780316	0.00400882855290261	0	0.0644933432552883	0.0498161349200513	0	0.236483422785409	0	0	0	0.38711201394096	0.137781261821817	0.0187277174581075	0.00215007148011635	0	0.017795306169017	0	0	0
GSM2329090	0.00324801794716241	0.0347872225189734	0.0153840438001151	0.0465461490259993	0	0	0.195209757292698	0.10105894985302	0	0.29627239003456	0	0	0	0.151794970308643	0.127023430024133	0.0134411328645609	0	0	0	0.0132593492189046	0	0.00197458711123007
GSM2329091	0.0996498842405439	0	0	0.0443143427267709	0	0	0.180751670487095	0.0622971529705529	0	0.354714254948134	0	0	0	0.141218275122336	0.0659490034813822	0.0419322397467331	0	0	0.00698050278014929	0	0	0.0021926734963026
GSM2329092	0.0403025803291013	0.0366372520591486	0.0233471756197119	0	0.0517739420929044	0.0602386773657501	0.276779819903676	0.0222555296673448	0	0.170714892590136	0.015139302819211	0	0	0.120466938293496	0.071923464177698	0.0608162076508362	0.0218399511120035	0	0	0	0.0134855185109371	0.0142787478080455
GSM2329093	0.295621278817837	0	0	0.125098311132022	0	0	0.0100242112578089	0.0675251971061353	0.00486077728407356	0.122541086712859	0	0.0669723262833298	0	0.237303352815439	0.0321641118233695	0.00602283725038046	0	0	0	0.0318665095167452	0	0
GSM2329094	0.20462489174014	0	0	0.0979485077428205	0	0	0.120508721753186	0.0772865806879404	0	0.298196105790722	0	0.0402822499124335	0	0.0254619813307805	0.0699815928520966	0.0622881525553773	0.00285588320599161	0	0	0	0.000565332428510851	0
GSM2329095	0.338830027356616	0	0	0.0719351730964125	0.0046186427631061	0	0.0764993037255121	0.0313872999298706	0	0.195594762277286	0	0	0	0.0841947528090891	0.121179809285865	0.0596768512990082	0.00725812215085215	0	0	0.00512847247555803	6.68556752757906e-05	0.00362992715554868
GSM2329096	0.1581937645641	0	0	0	0.0944521094491032	0.00157213365989222	0.131092003477657	0.123831156353988	0	0.225932206967054	0	0	0	0.184561176269489	0.032381205852075	0.0262302938583252	0	0.00342127771591799	0.0107008473941022	0	0	0.00763182443829546
GSM2329097	0.0702518175252507	0	0	0	0.0226348853085552	0	0.0680777451474627	0.104521908405375	0.0777906683837523	0.151438983747522	0	0	0	0.291502492331928	0.110131128965631	0.0566651910916088	0	0	0.0049689281219795	0.00457535558453695	0.0374408953863979	0
GSM2329098	0.126282415526813	0	0	0.122844548274094	0	0	0.067034566590491	0.0765813632842354	0	0.234411024931503	0	0.00695857900625745	0	0.276379726478105	0.0518841629316971	0.0111198064131051	0	0	0	0.0237346803429349	0	0.00276912622076433
GSM2329099	0.338919731162237	0	0	0.0575718153540864	0	0	0.017920744104034	0.126629200177848	0	0.216531155305446	0	0.0413196633073354	0	0.102553133396689	0.0412932747241447	0.0413837067069449	0	0	0	0.0158775757612348	0	0
GSM2329100	0.214586326730304	0	0	0	0	0.0257058167882675	0.158493042205456	0.04151960608183	0	0.246507476027253	0	0.00598020036001085	0	0.131495824934174	0.119167086072841	0.0402138634085023	0	0	0	0.013890295759058	0	0.00244046163230397
GSM2329101	0.0575490937896803	0	0	0	0	0.0160164087599137	0.0704251806998078	0.124191999747757	0	0.247342068293192	0	0.0116871448408224	0	0.206397714535056	0.0705295562352712	0	0	0.1576527169461	0.0289143171695117	0	0	0.00929379898288769
GSM2329102	0.0212539619824766	0	0	0.121057607323153	0	0	0.219334288396744	0.0648171258635761	0	0.292242893610351	0	0	0	0.104480797511576	0.113668852782822	0.0466255019809246	0.00529488916295095	0	0	0.00430304126690367	0	0.00692104011852222
GSM2329103	0.0728335915094964	0	0.031426916419288	0.0848936248604828	0	0	0.12332944145934	0.0805045920093939	0	0.182862174773735	0	0.0103768135214842	0	0.231006249102232	0.110092408009657	0.0398656044597721	0.00962408140663754	0	0	0.0197700628474275	0	0.00341443962105243
GSM2329104	0.0504383439458497	0.00297968408495454	0	0	0	0.102148659560163	0.15340263962208	0.0511688599098604	0	0.287952541099442	0	0	0	0.193890312365181	0.122777379350612	0.0291960930059437	0	0	0.00604548705591317	0	0	0
GSM2329105	0.0975952656056531	0.0228622162590303	0	0	0	0	0.0927466161817333	0.0903512733519817	0	0.181320401197415	0	0.0344908339041304	0	0.334379436826969	0.118490981465473	0.0188396877856403	0	0	0.00414283629427023	0	0	0.00478045112770427
GSM2329106	0.0414978837384885	0	0	0.0330544707871746	0	0	0.043975871917419	0.0799610535643845	0	0.119827688429576	0	0.0340147957320632	0	0.583791577285044	0.044952809630825	0.0100866241837256	0.00178135655801854	0	0.00332186475832822	0	0.00373400341495286	0
GSM2329107	0.0658340803241437	0.00381390561476931	0	0.00809846579882821	0	0.0239954499464869	0.0879263888745868	0.13832429854931	0	0.163196169820514	0	0	0	0.302499352717049	0.132538439117072	0.0405643551715698	0.0202024216695504	0	8.71721238428975e-05	0	0	0.0129195002722768
GSM2329108	0.0241187979481153	0.0338712562284038	0	0.0504387041069805	0	0	0.052166546418418	0.101262959059073	0	0.411774728790532	0	0	0	0.149654114390916	0.121466860789063	0.032588763215055	0	0	0	0.0142852606743456	0	0.00837200837909819
GSM2329109	0.0368030156621479	0	0.00159667894725148	0.123102595746537	0	0	0.0727760748529957	0.0708556157655419	0	0.218183636835155	0	0.0302918496678319	0	0.30348647741195	0.116133110083158	0.0236739993375025	0.0030969456899282	0	0	0	0	0
GSM2329110	0.118167056287619	0	0	0	0.00233886259931065	0.0726412384530182	0.245465647037455	0.0458486456676944	0	0.290621105277287	0	0	0	0.069098541421495	0.119164477047733	0.0290983406137837	0	0	0	0	0	0.00755608559460328
GSM2329111	0.253038865527846	0	0	0	0	0.0505994755139357	0.0274043136333127	0.219497342936059	0	0.228497057465637	0	0	0	0.152779951914798	0.017232781058124	0.0316394476810709	0	0	0.0169528717427842	0	0	0.00235789252643239
GSM2329112	0.136276769451834	0	0.259306663241964	0	0	0	0	0.122835442174897	0	0.135258154207366	0	0	0	0.162149844254103	0.101361511145257	0.0686924490046994	0	0	0	0.0141191665198802	0	0
GSM2329113	0.0448386599687653	0.0590039265596171	0	0	0	0	0.177877632845881	0.0626714063534955	0	0.158330367417604	0	0.0109332672874097	0	0.323062624539148	0.0131247376230043	0.0251338627091295	0	0.0752482960736359	0	0.0159268428377469	0.00316906894920625	0.0306793068353573
GSM2329114	0.00921120828441311	0.0101322223883367	0	0	0.00377087695064952	0	0.233629026612007	0.125436181012564	0	0.203940306989227	0	0	0	0.244905436415104	0.0825636511077072	0.0254274515563994	0	0.0534511778687029	0.00389638610659308	0	0	0.00363607470829589
GSM2329115	0.22212831935455	0.122017145604697	0	0	0.0925050568589965	0	0.0174690348720018	0.109720725895985	0	0.167671966423255	0	0	0	0.208011652660814	0.0284750556901541	0.0261863585330702	0	0	0.00487042294574904	0	0.000944261160727649	0
GSM2329116	0.132459550400139	0	0	0	0	0	0.0238499320924321	0.0944296709760076	0	0.133226320091927	0	0	0	0.455333756813129	0.0909211741745249	0	0	0.0678325975506346	0	0.00194699790120595	0	0
GSM2329117	0.0201681829646089	0	0	0.0382458932446396	0	0	0.150774561328452	0.0962225102787624	0	0.201203392495608	0	0	0	0.384453317862651	0.086417753547011	0	0	0.0149346144982818	0.00757977377998546	0	0	0
GSM2329118	0.00991510592730228	0	0.00579036718748913	0.094524530466949	0	0	0.0994366233147346	0.0727214452867627	0	0.281766026171155	0	0.00835339341261639	0	0.283262904442572	0.117705616092389	0.016091107533542	0.00639641858406079	0	0	0	0	0.00403646158042724
GSM2329119	0.0987444041470737	0	0.0100403580245246	0.192628735709814	0	0	0.131371825312793	0.0356885099193954	0	0.231978859445574	0	0.0248507235477241	0	0.0131582893475116	0.179729495128565	0.0492223090348426	0.0125491597965348	0	0.000731883191244939	0	0.0122967004075703	0.00700874698683306
GSM2329120	0.222231644792875	0	0	0.0522640185642898	0	0	0.0890886147126486	0.117359637974266	0	0.207983393572295	0	0.0189001200330514	0	0.147054802530421	0.0620032565329578	0.0659668987961786	0.0100916512888158	0	0	0.0070559612022001	0	0
GSM2329121	0.0151988072102524	0	0	0.275113435227635	0	0	0.108119580942371	0.0776284458331398	0	0.280738559747135	0	0	0	0.0756354725662406	0.0788604060069979	0.0338685988969232	0	0	0	0.0345328726115294	0.00043297548060479	0.0198708454771715
GSM2329122	0.13373667716717	0	0.084523309499717	0.0237973400110763	0	0	0.0297320988300788	0.0860639873608848	0	0.0905103004684615	0	0.0412688406427345	0	0.409064539723249	0.096216825540484	0.00473375936643387	0	0	0.000352321389710286	0	0	0
GSM2329123	0.233897622564822	0	0	0	0.0263651944865642	0.0901538923542293	0.077600857991819	0.106821308619492	0	0.316764629688247	0	0.00175667420018296	0	0.0458208772296804	0.0571270673224057	0.0130696186887846	0.0034059595279496	0	0	0.020648790261107	0	0.00656750706471595
GSM2329124	0.137061242107465	0.0558618283349784	0	0	0	0.0286767901100099	0.0578956751339815	0.115022188773385	0	0.368973765311417	0	0.0362253170147458	0	0.0651061082848642	0.0864311735200627	0.0420209827242098	0	0	0	0.00430355330652128	0.00131386124259621	0.00110751413576248
GSM2329125	0.357794628770956	0	0	0.0974978400125903	0	0	0.019583535855624	0.110902103593142	0	0.0952450839791029	0	0.0275617633307969	0	0.125784023133663	0.0340051992793978	0.0731957180530123	0	0	0	0.058430103991715	0	0
GSM2329126	0.1302983996761	0	0	0.102076160749082	0	0	0.0467635913339431	0.120583362963003	0	0.213312899026813	0	0.0011344035643874	0	0.195867283407348	0.182989488467048	0.0061267153099831	0	0	0	0	0	0.000847695502291562
GSM2329127	0.277540970182379	0	0	0	0	0	0.257808411640042	0.0538343937802767	0	0.180607871139188	0	0.00664477724957979	0	0.0427875338758504	0.0574392718026764	0.059157209481567	0.00784182418025535	0	0.0359234049537187	0	0	0.0204143317144674
GSM2329128	0.0187071479069514	0.0885592682412794	0	0	0	0	0.13788599700562	0.069804704204307	0	0.131350800721211	0	0	0	0.3986828478461	0.132812323446067	0.0200997398792853	0.00186785249191734	0	0	0	0	0.000229318257262285
GSM2329129	0.00178099950815622	0.0357315868076047	0.0557131574743727	0.239265417728406	0	0	0.275748126863552	0.0338962763415244	0	0.139348267162468	0	0.0234493007597846	0	0.0195495430701369	0.0966620553900426	0.0490703713701354	0.0108274776138994	0	0.00518414995092903	0	0.00858137753243759	0.0051918924265506
GSM2329130	0.515116053942016	0	0	0	0	0	0.0449760415028924	0.0676114608104272	0	0.132013293216588	0	0.00259760984577921	0	0.122832428445837	0.0507055968406773	0.0617227812978985	0	0	0.000943270675375112	0	0	0.00148146342250902
GSM2329131	0.27116222660346	0	0	0	0.0526646448617249	0.0212408760232959	0.0903891841662343	0.0874786262666331	0	0.267059078638167	0	0	0	0.146312077794462	0.0190488599461282	0.0229450001660564	0	0	0	0.0145604834049647	0	0.00713894212887393
GSM2329132	0.115300938771751	0	0	0	0	0.0110086343679199	0.0952519381439781	0.113787385918499	0	0.250277521605953	0	0.00505408469308863	0	0.333072388273097	0.0724734135983293	0.0036873624677834	0	0	0	0	0	8.63321596011339e-05
GSM2329133	0.189494706087359	0.0610533547043059	0	0	0	0.1481896173765	0	0.182507142147814	0	0.111041312263676	0	0	0	0.174645992016693	0.0714290965171292	0.0335060547068976	0.00689695345573881	0	0	0.0171880584196133	0.00404771230427238	0
GSM2329134	0.109521349386962	0	0	0	0	0	0.0751979340428568	0.108157426467	0	0.223999240834812	0	0.0379407212648766	0	0.305315013798345	0.104114980930778	0.0211602184580081	0	0	0	0.012827064970082	0	0.00176604984627888
GSM2329135	0.421150310640276	0	0	0	0	0.0321069285628557	0.0255271493968315	0.0777253507894425	0	0.148926779757332	0	0.000384112622709923	0	0.168553706298475	0.0538168353555001	0.0718088265765767	0	0	0	0	0	0
GSM2329136	0.115333231572122	0	0.0212782536896502	0	0	0.0818060215322253	0.0653706184453609	0.0736745160580421	0	0.372032264562679	0	0.0140597942417493	0	0.0679088911707772	0.0779331032582326	0.0613672983336387	0	0	0	0.0385726472907424	0	0.0106633598447805
GSM2329137	0.0336362743731177	0.0890874438526536	0.0175419762931837	0	0	0.0578402807395379	0.0462281680736403	0.105164360132684	0	0.267584645288465	0	0	0	0.193353828902202	0.0711038485233068	0.0419176151266736	0	0	0	0.0675939234783499	0.000310912750663044	0.00863672246552278
GSM2329138	0.206318643337061	0	0	0	0	0	0.121276226960277	0.0722456942190994	0	0.197475129441692	0	0.0218890827414032	0	0.272938107579277	0.0699749658179068	0.0294700050439431	0	0	0.0063556614698171	0	0	0.00205648338952321
GSM2329139	0.394772153733964	0	0	0.0583254684175903	0.00267080408335484	0	0.0154534354838111	0.032640762453552	0.00152696210037296	0.186789809050826	0	0	0	0.166794960124634	0.0396016447246668	0.0948423401226446	0	0	0	0.0006844274953575	0.00289571593150399	0.00300151627772202
